27Jun_20_39_21e-03
Ex2.2

x1: -1.62571
x2: 1.74131
x3: 1.76982
x4: 0.74535
x5: 0.87949
f(x): 0.1033919363091647


Tmax: 10.00000
Tmin: 0.10000
neighboor_base: 2.00000
iterations: 10.00000
cool_cooeff: 0.00100