27Jun_20_32_21e-02
Ex2.2

x1: -1.66248
x2: 1.75838
x3: -1.67580
x4: -1.09442
x5: 0.58113
f(x): 0.6108661432267577


Tmax: 10.00000
Tmin: 0.10000
neighboor_base: 2.00000
iterations: 10.00000
cool_cooeff: 0.01000