27Jun_20_40_1_1e-04
Ex2.1

x1: 78.31122
x2: 34.01432
x3: 30.79411
x4: 43.07201
x5: 36.25245
f(x): -30394.64817111421


Tmax: 100.00000
Tmin: 0.10000
neighboor_base: 0.50000
iterations: 10.00000
cool_cooeff: 0.00010