27Jun_20_40_1_1e-03
Ex2.1

x1: 79.29633
x2: 33.27611
x3: 30.67211
x4: 44.46744
x5: 35.60729
f(x): -30434.77756229982


Tmax: 100.00000
Tmin: 0.10000
neighboor_base: 0.50000
iterations: 10.00000
cool_cooeff: 0.00100