27Jun_20_31_11e-05
Ex2.1

x1: 79.78519
x2: 33.34196
x3: 30.33868
x4: 44.22233
x5: 35.78859
f(x): -30498.906205715215


Tmax: 100.00000
Tmin: 0.10000
neighboor_base: 0.50000
iterations: 10.00000
cool_cooeff: 0.00001