27Jun_20_40_1_1e-02
Ex2.1

x1: 93.86483
x2: 33.97495
x3: 31.00464
x4: 41.07562
x5: 32.60218
f(x): -29583.803571346652


Tmax: 100.00000
Tmin: 0.10000
neighboor_base: 0.50000
iterations: 10.00000
cool_cooeff: 0.01000